# Made in Blockbench 4.12.4
mtllib rocket_workbench.mtl

o top
v 0.375 1.25 0.375
v 0.375 1.25 -0.375
v 0.375 1 0.375
v 0.375 1 -0.375
v -0.375 1.25 -0.375
v -0.375 1.25 0.375
v -0.375 1 -0.375
v -0.375 1 0.375
vt 0.1875 0.3125
vt 0.375 0.3125
vt 0.375 0.25
vt 0.1875 0.25
vt 0 0.3125
vt 0.1875 0.3125
vt 0.1875 0.25
vt 0 0.25
vt 0.5625 0.3125
vt 0.75 0.3125
vt 0.75 0.25
vt 0.5625 0.25
vt 0.375 0.3125
vt 0.5625 0.3125
vt 0.5625 0.25
vt 0.375 0.25
vt 0.375 0.3125
vt 0.1875 0.3125
vt 0.1875 0.5
vt 0.375 0.5
vt 0.5625 0.5
vt 0.375 0.5
vt 0.375 0.3125
vt 0.5625 0.3125
vn 0 0 -1
vn 1 0 0
vn 0 0 1
vn -1 0 0
vn 0 1 0
vn 0 -1 0
usemtl RocketWorkbench
s off
f 12/28/7 15/27/7 13/26/7 10/25/7
f 11/32/8 12/31/8 10/30/8 9/29/8
f 16/36/9 11/35/9 9/34/9 14/33/9
f 15/40/10 16/39/10 14/38/10 13/37/10
f 14/44/11 9/43/11 10/42/11 13/41/11
f 15/48/12 12/47/12 11/46/12 16/45/12
o small_arm
v 0.0625 2.3716262281601788 -0.13151329933578515
v 0.0625 2.4519746793709962 -0.22726885472565744
v 0.0625 1.749215118126009 -0.6537782322060984
v 0.0625 1.8295635693368264 -0.7495337875959707
v -0.0625 2.4519746793709962 -0.22726885472565744
v -0.0625 2.3716262281601788 -0.13151329933578515
v -0.0625 1.8295635693368264 -0.7495337875959707
v -0.0625 1.749215118126009 -0.6537782322060984
vt 0.78125 0.96875
vt 0.8125 0.96875
vt 0.8125 0.765625
vt 0.78125 0.765625
vt 0.75 0.96875
vt 0.78125 0.96875
vt 0.78125 0.765625
vt 0.75 0.765625
vt 0.84375 0.96875
vt 0.875 0.96875
vt 0.875 0.765625
vt 0.84375 0.765625
vt 0.8125 0.96875
vt 0.84375 0.96875
vt 0.84375 0.765625
vt 0.8125 0.765625
vt 0.8125 0.96875
vt 0.78125 0.96875
vt 0.78125 1
vt 0.8125 1
vt 0.84375 1
vt 0.8125 1
vt 0.8125 0.96875
vt 0.84375 0.96875
vn 0 0.6427876096865394 -0.7660444431189781
vn 1 0 0
vn 0 -0.6427876096865394 0.7660444431189781
vn -1 0 0
vn 0 0.7660444431189781 0.6427876096865394
vn 0 -0.7660444431189781 -0.6427876096865394
usemtl RocketWorkbench
s off
f 20/52/13 23/51/13 21/50/13 18/49/13
f 19/56/14 20/55/14 18/54/14 17/53/14
f 24/60/15 19/59/15 17/58/15 22/57/15
f 23/64/16 24/63/16 22/62/16 21/61/16
f 22/68/17 17/67/17 18/66/17 21/65/17
f 23/72/18 20/71/18 19/70/18 24/69/18
o arm
v -0.12500000000000006 1.8422211252089584 -0.8557079682601868
v -0.12499999999999994 1.9378919833002308 -0.6247380851323652
v -0.12500000000000097 0.9183415926976717 -0.4730245358950969
v -0.12500000000000083 1.014012450788944 -0.24205465276727528
v 0.12500000000000006 1.9378919833002306 -0.6247380851323652
v 0.12499999999999992 1.8422211252089582 -0.8557079682601869
v 0.12499999999999917 1.0140124507889439 -0.24205465276727534
v 0.12499999999999904 0.9183415926976715 -0.47302453589509696
vt 0.8125 0.4375
vt 0.875 0.4375
vt 0.875 0.1875
vt 0.8125 0.1875
vt 0.75 0.4375
vt 0.8125 0.4375
vt 0.8125 0.1875
vt 0.75 0.1875
vt 0.9375 0.4375
vt 1 0.4375
vt 1 0.1875
vt 0.9375 0.1875
vt 0.875 0.4375
vt 0.9375 0.4375
vt 0.9375 0.1875
vt 0.875 0.1875
vt 0.875 0.4375
vt 0.8125 0.4375
vt 0.8125 0.5
vt 0.875 0.5
vt 0.9375 0.5
vt 0.875 0.5
vt 0.875 0.4375
vt 0.9375 0.4375
vn 4.912865130258506e-16 0.3826834323650899 0.9238795325112867
vn -1 1.0106430996148606e-15 1.1314261122877e-16
vn -4.912865130258506e-16 -0.3826834323650899 -0.9238795325112867
vn 1 -1.0106430996148606e-15 -1.1314261122877e-16
vn 8.904146715961602e-16 0.9238795325112867 -0.3826834323650899
vn -8.904146715961602e-16 -0.9238795325112867 0.3826834323650899
usemtl RocketWorkbench
s off
f 28/76/19 31/75/19 29/74/19 26/73/19
f 27/80/20 28/79/20 26/78/20 25/77/20
f 32/84/21 27/83/21 25/82/21 30/81/21
f 31/88/22 32/87/22 30/86/22 29/85/22
f 30/92/23 25/91/23 26/90/23 29/89/23
f 31/96/24 28/95/24 27/94/24 32/93/24
o pliers
v 0.125 2.634368232131541 -0.15212807882912316
v 0.125 2.4907348990467324 -0.27265075564534924
v 0.125 2.473671329709906 0.03938303195062137
v 0.125 2.3300379966250975 -0.08113964486560475
v -0.125 2.4907348990467324 -0.27265075564534924
v -0.125 2.634368232131541 -0.15212807882912316
v -0.125 2.3300379966250975 -0.08113964486560475
v -0.125 2.473671329709906 0.03938303195062137
vt 0.046875 0.953125
vt 0.109375 0.953125
vt 0.109375 0.890625
vt 0.046875 0.890625
vt 0 0.953125
vt 0.046875 0.953125
vt 0.046875 0.890625
vt 0 0.890625
vt 0.15625 0.953125
vt 0.21875 0.953125
vt 0.21875 0.890625
vt 0.15625 0.890625
vt 0.109375 0.953125
vt 0.15625 0.953125
vt 0.15625 0.890625
vt 0.109375 0.890625
vt 0.109375 0.953125
vt 0.046875 0.953125
vt 0.046875 1
vt 0.109375 1
vt 0.171875 1
vt 0.109375 1
vt 0.109375 0.953125
vt 0.171875 0.953125
vn 0 -0.766044443118978 -0.6427876096865393
vn 1 0 0
vn 0 0.766044443118978 0.6427876096865393
vn -1 0 0
vn 0 0.6427876096865393 -0.766044443118978
vn 0 -0.6427876096865393 0.766044443118978
usemtl RocketWorkbench
s off
f 36/100/25 39/99/25 37/98/25 34/97/25
f 35/104/26 36/103/26 34/102/26 33/101/26
f 40/108/27 35/107/27 33/106/27 38/105/27
f 39/112/28 40/111/28 38/110/28 37/109/28
f 38/116/29 33/115/29 34/114/29 37/113/29
f 39/120/30 36/119/30 35/118/30 40/117/30
o drill
v 0.125 1.6250000000000002 0.8125000000000006
v 0.125 1.8750000000000002 0.8125000000000007
v 0.125 1.6250000000000004 0.31250000000000044
v 0.125 1.8750000000000004 0.31250000000000044
v -0.125 1.8750000000000002 0.8125000000000007
v -0.125 1.6250000000000002 0.8125000000000006
v -0.125 1.8750000000000004 0.31250000000000044
v -0.125 1.6250000000000004 0.31250000000000044
vt 0.0625 0.1875
vt 0.125 0.1875
vt 0.125 0.0625
vt 0.0625 0.0625
vt 0 0.1875
vt 0.0625 0.1875
vt 0.0625 0.0625
vt 0 0.0625
vt 0.1875 0.1875
vt 0.25 0.1875
vt 0.25 0.0625
vt 0.1875 0.0625
vt 0.125 0.1875
vt 0.1875 0.1875
vt 0.1875 0.0625
vt 0.125 0.0625
vt 0.125 0.1875
vt 0.0625 0.1875
vt 0.0625 0.25
vt 0.125 0.25
vt 0.1875 0.25
vt 0.125 0.25
vt 0.125 0.1875
vt 0.1875 0.1875
vn 0 1 2.2204460492503126e-16
vn 1 0 0
vn 0 -1 -2.2204460492503126e-16
vn -1 0 0
vn 0 -2.2204460492503126e-16 1
vn 0 2.2204460492503126e-16 -1
usemtl RocketWorkbench
s off
f 44/124/31 47/123/31 45/122/31 42/121/31
f 43/128/32 44/127/32 42/126/32 41/125/32
f 48/132/33 43/131/33 41/130/33 46/129/33
f 47/136/34 48/135/34 46/134/34 45/133/34
f 46/140/35 41/139/35 42/138/35 45/137/35
f 47/144/36 44/143/36 43/142/36 48/141/36
o drill_bit
v 0 1.71875 0.3125
v 0 1.78125 0.3125
v 0 1.71875 0.062499999999999965
v 0 1.78125 0.06249999999999998
v 0 1.78125 0.3125
v 0 1.71875 0.3125
v 0 1.78125 0.06249999999999998
v 0 1.71875 0.062499999999999965
vt 0.015625 0.890625
vt 0.015625 0.890625
vt 0.015625 0.828125
vt 0.015625 0.828125
vt 0 0.890625
vt 0.015625 0.890625
vt 0.015625 0.828125
vt 0 0.828125
vt 0.03125 0.890625
vt 0.03125 0.890625
vt 0.03125 0.828125
vt 0.03125 0.828125
vt 0.015625 0.890625
vt 0.03125 0.890625
vt 0.03125 0.828125
vt 0.015625 0.828125
vt 0.015625 0.890625
vt 0.015625 0.890625
vt 0.015625 0.90625
vt 0.015625 0.90625
vt 0.015625 0.90625
vt 0.015625 0.90625
vt 0.015625 0.890625
vt 0.015625 0.890625
vn 0 1 2.2204460492503126e-16
vn 1 0 0
vn 0 -1 -2.2204460492503126e-16
vn -1 0 0
vn 0 -2.2204460492503126e-16 1
vn 0 2.2204460492503126e-16 -1
usemtl RocketWorkbench
s off
f 52/148/37 55/147/37 53/146/37 50/145/37
f 51/152/38 52/151/38 50/150/38 49/149/38
f 56/156/39 51/155/39 49/154/39 54/153/39
f 55/160/40 56/159/40 54/158/40 53/157/40
f 54/164/41 49/163/41 50/162/41 53/161/41
f 55/168/42 52/167/42 51/166/42 56/165/42
o small_arm
v 0.0625 1.7703894732948038 0.7710610251037702
v 0.0625 1.819230864355963 0.6559979184222153
v 0.0625 0.964947726523916 0.42917128767565454
v 0.0625 1.013789117585075 0.3141081809940998
v -0.0625 1.819230864355963 0.6559979184222153
v -0.0625 1.7703894732948038 0.7710610251037702
v -0.0625 1.013789117585075 0.3141081809940998
v -0.0625 0.964947726523916 0.42917128767565454
vt 0.78125 0.96875
vt 0.8125 0.96875
vt 0.8125 0.75
vt 0.78125 0.75
vt 0.75 0.96875
vt 0.78125 0.96875
vt 0.78125 0.75
vt 0.75 0.75
vt 0.84375 0.96875
vt 0.875 0.96875
vt 0.875 0.75
vt 0.84375 0.75
vt 0.8125 0.96875
vt 0.84375 0.96875
vt 0.84375 0.75
vt 0.8125 0.75
vt 0.8125 0.96875
vt 0.78125 0.96875
vt 0.78125 1
vt 0.8125 1
vt 0.84375 1
vt 0.8125 1
vt 0.8125 0.96875
vt 0.84375 0.96875
vn 0 0.39073112848927377 -0.9205048534524403
vn 1 0 0
vn 0 -0.39073112848927377 0.9205048534524403
vn -1 0 0
vn 0 0.9205048534524403 0.39073112848927377
vn 0 -0.9205048534524403 -0.39073112848927377
usemtl RocketWorkbench
s off
f 60/172/43 63/171/43 61/170/43 58/169/43
f 59/176/44 60/175/44 58/174/44 57/173/44
f 64/180/45 59/179/45 57/178/45 62/177/45
f 63/184/46 64/183/46 62/182/46 61/181/46
f 62/188/47 57/187/47 58/186/47 61/185/47
f 63/192/48 60/191/48 59/190/48 64/189/48
o light
v -0.35908267353040035 1.8299992010870136 0.125
v -0.35908267353040035 1.8299992010870136 -0.125
v -0.4445877093618175 1.5950760458905364 0.125
v -0.4445877093618175 1.5950760458905364 -0.125
v -0.4765442511286389 1.872751719002722 -0.125
v -0.4765442511286389 1.872751719002722 0.125
v -0.5620492869600561 1.637828563806245 -0.125
v -0.5620492869600561 1.637828563806245 0.125
vt 0.0625 0.4375
vt 0.09375 0.4375
vt 0.09375 0.375
vt 0.0625 0.375
vt 0 0.4375
vt 0.0625 0.4375
vt 0.0625 0.375
vt 0 0.375
vt 0.15625 0.4375
vt 0.1875 0.4375
vt 0.1875 0.375
vt 0.15625 0.375
vt 0.09375 0.4375
vt 0.15625 0.4375
vt 0.15625 0.375
vt 0.09375 0.375
vt 0.09375 0.4375
vt 0.0625 0.4375
vt 0.0625 0.5
vt 0.09375 0.5
vt 0.125 0.5
vt 0.09375 0.5
vt 0.09375 0.4375
vt 0.125 0.4375
vn 0 0 -1
vn 0.9396926207859084 -0.34202014332566866 0
vn 0 0 1
vn -0.9396926207859084 0.34202014332566866 0
vn 0.34202014332566866 0.9396926207859084 0
vn -0.34202014332566866 -0.9396926207859084 0
usemtl RocketWorkbench
s off
f 68/196/49 71/195/49 69/194/49 66/193/49
f 67/200/50 68/199/50 66/198/50 65/197/50
f 72/204/51 67/203/51 65/202/51 70/201/51
f 71/208/52 72/207/52 70/206/52 69/205/52
f 70/212/53 65/211/53 66/210/53 69/209/53
f 71/216/54 68/215/54 67/214/54 72/213/54
o handle
v -0.4979205100864932 1.8140209302036028 0.0625
v -0.4979205100864932 1.8140209302036028 -0.0625
v -0.5406730280022018 1.6965593526053642 0.0625
v -0.5406730280022018 1.6965593526053642 -0.0625
v -0.7328436652829703 1.89952596603502 -0.0625
v -0.7328436652829703 1.89952596603502 0.0625
v -0.775596183198679 1.7820643884367815 -0.0625
v -0.775596183198679 1.7820643884367815 0.0625
vt 0.03125 0.34375
vt 0.09375 0.34375
vt 0.09375 0.3125
vt 0.03125 0.3125
vt 0 0.34375
vt 0.03125 0.34375
vt 0.03125 0.3125
vt 0 0.3125
vt 0.125 0.34375
vt 0.1875 0.34375
vt 0.1875 0.3125
vt 0.125 0.3125
vt 0.09375 0.34375
vt 0.125 0.34375
vt 0.125 0.3125
vt 0.09375 0.3125
vt 0.09375 0.34375
vt 0.03125 0.34375
vt 0.03125 0.375
vt 0.09375 0.375
vt 0.15625 0.375
vt 0.09375 0.375
vt 0.09375 0.34375
vt 0.15625 0.34375
vn 0 0 -1
vn 0.9396926207859084 -0.34202014332566866 0
vn 0 0 1
vn -0.9396926207859084 0.34202014332566866 0
vn 0.34202014332566866 0.9396926207859084 0
vn -0.34202014332566866 -0.9396926207859084 0
usemtl RocketWorkbench
s off
f 76/220/55 79/219/55 77/218/55 74/217/55
f 75/224/56 76/223/56 74/222/56 73/221/56
f 80/228/57 75/227/57 73/226/57 78/225/57
f 79/232/58 80/231/58 78/230/58 77/229/58
f 78/236/59 73/235/59 74/234/59 77/233/59
f 79/240/60 76/239/60 75/238/60 80/237/60
o holder
v -0.6384175222392183 1.8033102908916914 0.031249999999999972
v -0.6384175222392183 1.8033102908916914 -0.03125000000000003
v -0.2965277848111023 0.9978685441208042 0.031250000000000014
v -0.2965277848111023 0.9978685441208042 -0.031249999999999986
v -0.6959490755799957 1.7788895953611117 -0.03125000000000003
v -0.6959490755799957 1.7788895953611117 0.031249999999999972
v -0.35405933815187984 0.9734478485902246 -0.031249999999999986
v -0.35405933815187984 0.9734478485902246 0.031250000000000014
vt 0.890625 0.984375
vt 0.90625 0.984375
vt 0.90625 0.765625
vt 0.890625 0.765625
vt 0.875 0.984375
vt 0.890625 0.984375
vt 0.890625 0.765625
vt 0.875 0.765625
vt 0.921875 0.984375
vt 0.9375 0.984375
vt 0.9375 0.765625
vt 0.921875 0.765625
vt 0.90625 0.984375
vt 0.921875 0.984375
vt 0.921875 0.765625
vt 0.90625 0.765625
vt 0.90625 0.984375
vt 0.890625 0.984375
vt 0.890625 1
vt 0.90625 1
vt 0.921875 1
vt 0.90625 1
vt 0.90625 0.984375
vt 0.921875 0.984375
vn 1.7623071996016617e-17 -4.1517355854897995e-17 -1
vn 0.92050485345244 0.3907311284892744 3.0814879110195774e-33
vn -1.7623071996016617e-17 4.1517355854897995e-17 1
vn -0.92050485345244 -0.3907311284892744 -3.0814879110195774e-33
vn -0.3907311284892744 0.92050485345244 -4.510281037539698e-17
vn 0.3907311284892744 -0.92050485345244 4.510281037539698e-17
usemtl RocketWorkbench
s off
f 84/244/61 87/243/61 85/242/61 82/241/61
f 83/248/62 84/247/62 82/246/62 81/245/62
f 88/252/63 83/251/63 81/250/63 86/249/63
f 87/256/64 88/255/64 86/254/64 85/253/64
f 86/260/65 81/259/65 82/258/65 85/257/65
f 87/264/66 84/263/66 83/262/66 88/261/66
o display
v 0.35649371286309134 1.3464548246917325 0.25
v 0.35649371286309134 1.3464548246917325 -0.25
v 0.5 1 0.25
v 0.5 1 -0.25
v 0.2987512420811359 1.3225371101689145 -0.25
v 0.2987512420811359 1.3225371101689145 0.25
v 0.44225752921804456 0.9760822854771819 -0.25
v 0.44225752921804456 0.9760822854771819 0.25
vt 0.375 0.125
vt 0.390625 0.125
vt 0.390625 0.03125
vt 0.375 0.03125
vt 0.25 0.125
vt 0.375 0.125
vt 0.375 0.03125
vt 0.25 0.03125
vt 0.515625 0.125
vt 0.53125 0.125
vt 0.53125 0.03125
vt 0.515625 0.03125
vt 0.390625 0.125
vt 0.515625 0.125
vt 0.515625 0.03125
vt 0.390625 0.03125
vt 0.390625 0.125
vt 0.375 0.125
vt 0.375 0.25
vt 0.390625 0.25
vt 0.40625 0.25
vt 0.390625 0.25
vt 0.390625 0.125
vt 0.40625 0.125
vn 0 0 -1
vn 0.9238795325112867 0.3826834323650897 0
vn 0 0 1
vn -0.9238795325112867 -0.3826834323650897 0
vn -0.3826834323650897 0.9238795325112867 0
vn 0.3826834323650897 -0.9238795325112867 0
usemtl RocketWorkbench
s off
f 92/268/67 95/267/67 93/266/67 90/265/67
f 91/272/68 92/271/68 90/270/68 89/269/68
f 96/276/69 91/275/69 89/274/69 94/273/69
f 95/280/70 96/279/70 94/278/70 93/277/70
f 94/284/71 89/283/71 90/282/71 93/281/71
f 95/288/72 92/287/72 91/286/72 96/285/72